             # klen              E(eV)
     0.000000000    -2.567775085
     0.007009492    -2.567684974
     0.014018985    -2.567419526
     0.021028477    -2.566993162
     0.028037969    -2.566429154
     0.035047461    -2.565758424
     0.042056954    -2.565017008
     0.049066446    -2.569023679
     0.056075938    -2.563280397
     0.063085430    -2.559529232
     0.070094923    -2.525174080
     0.077104415    -2.516161984
     0.084113907    -2.558105863
     0.091123400    -2.561795736
     0.098132892    -2.562230713
     0.105142384    -2.562998657
     0.112151876    -2.614967493
     0.119161369    -2.602123746
     0.126170861    -2.590918926
     0.133180353    -2.581378362
     0.140189845    -2.573694509
     0.140189845    -2.573694509
     0.154208830    -2.582015137
     0.168227814    -2.593777333
     0.182246798    -2.609890982
     0.196265783    -2.572864442
     0.210284767    -2.488671784
     0.224303751    -2.496705561
     0.238322736    -2.522714728
     0.252341720    -2.544060296
     0.266360704    -2.562365078
     0.280379689    -2.578836231
     0.294398673    -2.594256845
     0.308417657    -2.311359427
     0.322436642    -2.352559819
     0.336455626    -2.538347145
     0.350474611    -2.448249145
     0.364493595    -2.502301487
     0.378512579    -2.560228248
     0.392531564    -2.569154204
     0.406550548    -2.073889124
     0.420569532    -2.002510816
     0.420569532    -2.002510816
     0.432710450    -2.073498868
     0.444851368    -2.550452653
     0.456992286    -2.493939741
     0.469133204    -2.575652991
     0.481274122    -2.539588337
     0.493415040    -2.536644452
     0.505555958    -2.515305775
     0.517696876    -2.486083063
     0.529837794    -2.455974202
     0.541978712    -2.449236480
     0.554119630    -2.496597197
     0.566260548    -2.543946484
     0.578401466    -2.590754710
     0.590542384    -2.636819090
     0.602683302    -2.653983147
     0.614824220    -2.623815059
     0.626965139    -2.600053326
     0.639106057    -2.582292573
     0.651246975    -2.571432589
     0.663387893    -2.567775085
  
     0.000000000    -2.567533843
     0.007009492    -2.567443965
     0.014018985    -2.567179221
     0.021028477    -2.566754059
     0.028037969    -2.566191834
     0.035047461    -2.565523773
     0.042056954    -2.564787600
     0.049066446    -2.564184631
     0.056075938    -2.531514192
     0.063085430    -2.495185881
     0.070094923    -2.473555885
     0.077104415    -2.514123529
     0.084113907    -2.556498292
     0.091123400    -2.561592769
     0.098132892    -2.562029808
     0.105142384    -2.562801804
     0.112151876    -2.564156186
     0.119161369    -2.565748436
     0.126170861    -2.567820686
     0.133180353    -2.570421590
     0.140189845    -2.573437449
     0.140189845    -2.573437449
     0.154208830    -2.581855260
     0.168227814    -2.593628268
     0.182246798    -2.562719460
     0.196265783    -2.571216272
     0.210284767    -2.488628762
     0.224303751    -2.496570148
     0.238322736    -2.522620392
     0.252341720    -2.543995543
     0.266360704    -2.562320486
     0.280379689    -2.578805134
     0.294398673    -2.594234789
     0.308417657    -2.219317659
     0.322436642    -2.279853534
     0.336455626    -2.538262949
     0.350474611    -2.442669245
     0.364493595    -2.457562201
     0.378512579    -2.514531416
     0.392531564    -2.569086411
     0.406550548    -2.073768209
     0.420569532    -2.002508384
     0.420569532    -2.002508384
     0.432710450    -2.038559402
     0.444851368    -2.548019323
     0.456992286    -2.491156867
     0.469133204    -2.437761392
     0.481274122    -2.539021989
     0.493415040    -2.505597816
     0.505555958    -2.474301341
     0.517696876    -2.445673952
     0.529837794    -2.419730146
     0.541978712    -2.427936743
     0.554119630    -2.396301654
     0.566260548    -2.363939747
     0.578401466    -2.343434608
     0.590542384    -2.411596573
     0.602683302    -2.498161207
     0.614824220    -2.585503466
     0.626965139    -2.599643108
     0.639106057    -2.581961304
     0.651246975    -2.571165240
     0.663387893    -2.567533843
  
     0.000000000    -2.301584507
     0.007009492    -2.301417119
     0.014018985    -2.300914698
     0.021028477    -2.300076793
     0.028037969    -2.298904476
     0.035047461    -2.297415316
     0.042056954    -2.308838882
     0.049066446    -2.564025667
     0.056075938    -2.390339577
     0.063085430    -2.431768158
     0.070094923    -2.472073334
     0.077104415    -2.491599804
     0.084113907    -2.459985164
     0.091123400    -2.429676227
     0.098132892    -2.400866196
     0.105142384    -2.373612400
     0.112151876    -2.563963806
     0.119161369    -2.565560735
     0.126170861    -2.567637853
     0.133180353    -2.570244124
     0.140189845    -2.573434586
     0.140189845    -2.573434586
     0.154208830    -2.562949029
     0.168227814    -2.559323852
     0.182246798    -2.382048138
     0.196265783    -2.425791796
     0.210284767    -2.464489750
     0.224303751    -2.404749202
     0.238322736    -2.321216437
     0.252341720    -2.238145952
     0.266360704    -2.217190825
     0.280379689    -2.243412780
     0.294398673    -2.274893808
     0.308417657    -2.219070172
     0.322436642    -2.279711669
     0.336455626    -2.398261880
     0.350474611    -2.442579935
     0.364493595    -2.457469364
     0.378512579    -2.514451145
     0.392531564    -2.521098082
     0.406550548    -1.984718266
     0.420569532    -1.974840606
     0.420569532    -1.974840606
     0.432710450    -2.019239292
     0.444851368    -2.162619138
     0.456992286    -2.253807485
     0.469133204    -2.434671306
     0.481274122    -2.440929021
     0.493415040    -2.505108677
     0.505555958    -2.473872219
     0.517696876    -2.445287257
     0.529837794    -2.419368741
     0.541978712    -2.423818435
     0.554119630    -2.392289630
     0.566260548    -2.360602149
     0.578401466    -2.343095028
     0.590542384    -2.330846589
     0.602683302    -2.320890828
     0.614824220    -2.313310018
     0.626965139    -2.307857591
     0.639106057    -2.304256012
     0.651246975    -2.302233199
     0.663387893    -2.301584507
  
     0.000000000    -2.301180039
     0.007009492    -2.301012201
     0.014018985    -2.300508396
     0.021028477    -2.299668050
     0.028037969    -2.298491817
     0.035047461    -2.296993928
     0.042056954    -2.306597654
     0.049066446    -2.349332987
     0.056075938    -2.388259690
     0.063085430    -2.429758034
     0.070094923    -2.459569796
     0.077104415    -2.425789890
     0.084113907    -2.393005549
     0.091123400    -2.361517537
     0.098132892    -2.331394312
     0.105142384    -2.302698092
     0.112151876    -2.347961034
     0.119161369    -2.323953220
     0.126170861    -2.301626141
     0.133180353    -2.281016310
     0.140189845    -2.263141504
     0.140189845    -2.263141504
     0.154208830    -2.292668771
     0.168227814    -2.336110283
     0.182246798    -2.381704764
     0.196265783    -2.425537783
     0.210284767    -2.464300437
     0.224303751    -2.404719073
     0.238322736    -2.321187494
     0.252341720    -2.238098651
     0.266360704    -2.155575858
     0.280379689    -2.130155394
     0.294398673    -2.162233522
     0.308417657    -2.197548331
     0.322436642    -2.239780664
     0.336455626    -2.339876382
     0.350474611    -2.399191762
     0.364493595    -2.395611503
     0.378512579    -2.456377502
     0.392531564    -2.163326545
     0.406550548    -1.984711702
     0.420569532    -1.974677316
     0.420569532    -1.974677316
     0.432710450    -1.949174804
     0.444851368    -2.083179831
     0.456992286    -2.129074786
     0.469133204    -2.346621461
     0.481274122    -2.382357321
     0.493415040    -2.328048112
     0.505555958    -2.318391969
     0.517696876    -2.366218701
     0.529837794    -2.413793431
     0.541978712    -2.396456558
     0.554119630    -2.375865800
     0.566260548    -2.357507272
     0.578401466    -2.329396658
     0.590542384    -2.330511808
     0.602683302    -2.320545115
     0.614824220    -2.312949415
     0.626965139    -2.307481008
     0.639106057    -2.303865108
     0.651246975    -2.301832317
     0.663387893    -2.301180039
  
     0.000000000    -2.077559830
     0.007009492    -2.112873709
     0.014018985    -2.151031255
     0.021028477    -2.189717716
     0.028037969    -2.228897230
     0.035047461    -2.268533116
     0.042056954    -2.295379614
     0.049066446    -2.347168368
     0.056075938    -2.290732196
     0.063085430    -2.287859730
     0.070094923    -2.284664140
     0.077104415    -2.281166948
     0.084113907    -2.277400880
     0.091123400    -2.273416610
     0.098132892    -2.269293739
     0.105142384    -2.265161254
     0.112151876    -2.275513854
     0.119161369    -2.257921795
     0.126170861    -2.255965867
     0.133180353    -2.256794849
     0.140189845    -2.261599254
     0.140189845    -2.261599254
     0.154208830    -2.291903873
     0.168227814    -2.335619230
     0.182246798    -2.186045794
     0.196265783    -2.174828317
     0.210284767    -2.170493002
     0.224303751    -2.172832458
     0.238322736    -2.181582243
     0.252341720    -2.196438374
     0.266360704    -2.155568959
     0.280379689    -2.096920513
     0.294398673    -2.157954223
     0.308417657    -2.035792097
     0.322436642    -2.024275302
     0.336455626    -2.339761513
     0.350474611    -2.399086228
     0.364493595    -2.348144995
     0.378512579    -2.254949213
     0.392531564    -2.163209129
     0.406550548    -1.896471108
     0.420569532    -1.974669827
     0.420569532    -1.974669827
     0.432710450    -1.931559064
     0.444851368    -2.064971268
     0.456992286    -2.111627449
     0.469133204    -2.175761719
     0.481274122    -2.378984994
     0.493415040    -2.324406632
     0.505555958    -2.303474099
     0.517696876    -2.351891283
     0.529837794    -2.400101479
     0.541978712    -2.396122508
     0.554119630    -2.375543145
     0.566260548    -2.356681331
     0.578401466    -2.325853468
     0.590542384    -2.295189233
     0.602683302    -2.260167737
     0.614824220    -2.224478706
     0.626965139    -2.188183889
     0.639106057    -2.151335555
     0.651246975    -2.113989542
     0.663387893    -2.077559830
  
     0.000000000    -2.074735625
     0.007009492    -2.110171673
     0.014018985    -2.148419921
     0.021028477    -2.187197267
     0.028037969    -2.226468213
     0.035047461    -2.266198868
     0.042056954    -2.294949108
     0.049066446    -2.293264339
     0.056075938    -2.290297086
     0.063085430    -2.287413484
     0.070094923    -2.284203883
     0.077104415    -2.280688845
     0.084113907    -2.276899693
     0.091123400    -2.272884925
     0.098132892    -2.268720428
     0.105142384    -2.264527203
     0.112151876    -2.261238529
     0.119161369    -2.257332040
     0.126170861    -2.255140740
     0.133180353    -2.255839557
     0.140189845    -2.261596622
     0.140189845    -2.261596622
     0.154208830    -2.229629838
     0.168227814    -2.204281943
     0.182246798    -2.169260564
     0.196265783    -2.154573436
     0.210284767    -2.139046101
     0.224303751    -2.123208009
     0.238322736    -2.107405288
     0.252341720    -2.091972918
     0.266360704    -2.104993347
     0.280379689    -2.096845285
     0.294398673    -2.156788492
     0.308417657    -2.035791285
     0.322436642    -2.024274475
     0.336455626    -2.287032036
     0.350474611    -2.339066937
     0.364493595    -2.348043917
     0.378512579    -2.254840494
     0.392531564    -1.987447233
     0.406550548    -1.896283307
     0.420569532    -1.974523279
     0.420569532    -1.974523279
     0.432710450    -1.896280331
     0.444851368    -1.908865607
     0.456992286    -1.870042221
     0.469133204    -2.158989903
     0.481274122    -2.222996419
     0.493415040    -2.270590016
     0.505555958    -2.275045113
     0.517696876    -2.223533653
     0.529837794    -2.173619028
     0.541978712    -2.125396849
     0.554119630    -2.156992132
     0.566260548    -2.240970955
     0.578401466    -2.325299668
     0.590542384    -2.290960691
     0.602683302    -2.255849216
     0.614824220    -2.220068823
     0.626965139    -2.183676032
     0.639106057    -2.146721045
     0.651246975    -2.109257889
     0.663387893    -2.074735625
  
     0.000000000    -2.072664737
     0.007009492    -2.037879958
     0.014018985    -2.001309461
     0.021028477    -1.965267003
     0.028037969    -1.929785458
     0.035047461    -1.894883268
     0.042056954    -1.872984404
     0.049066446    -2.292838086
     0.056075938    -1.917526017
     0.063085430    -1.940354260
     0.070094923    -1.963513387
     0.077104415    -1.986967232
     0.084113907    -2.010669480
     0.091123400    -2.034557197
     0.098132892    -2.058539742
     0.105142384    -2.082478006
     0.112151876    -2.260488494
     0.119161369    -2.249554595
     0.126170861    -2.225537803
     0.133180353    -2.203036076
     0.140189845    -2.183100723
     0.140189845    -2.183100723
     0.154208830    -2.189824821
     0.168227814    -2.182033511
     0.182246798    -2.168960175
     0.196265783    -2.154365191
     0.210284767    -2.138900625
     0.224303751    -2.123099345
     0.238322736    -2.107313906
     0.252341720    -2.091835721
     0.266360704    -2.077264228
     0.280379689    -2.074491947
     0.294398673    -2.048457672
     0.308417657    -1.911240605
     0.322436642    -1.831567683
     0.336455626    -2.014001366
     0.350474611    -2.005086914
     0.364493595    -1.997636287
     0.378512579    -1.991736557
     0.392531564    -1.987445708
     0.406550548    -1.378154618
     0.420569532    -1.314588408
     0.420569532    -1.314588408
     0.432710450    -1.378026051
     0.444851368    -1.890192653
     0.456992286    -1.850920445
     0.469133204    -1.833406941
     0.481274122    -2.206864676
     0.493415040    -2.255077752
     0.505555958    -2.271143600
     0.517696876    -2.219357688
     0.529837794    -2.169157558
     0.541978712    -2.120632447
     0.554119630    -2.078941923
     0.566260548    -2.034324273
     0.578401466    -1.991609406
     0.590542384    -1.950873192
     0.602683302    -1.912260953
     0.614824220    -1.921417087
     0.626965139    -1.960482607
     0.639106057    -1.999342105
     0.651246975    -2.037900777
     0.663387893    -2.072664737
  
     0.000000000    -2.069914461
     0.007009492    -2.035009897
     0.014018985    -1.998355899
     0.021028477    -1.962234833
     0.028037969    -1.926679740
     0.035047461    -1.891709015
     0.042056954    -1.872516585
     0.049066446    -1.895059039
     0.056075938    -1.917108578
     0.063085430    -1.939950192
     0.070094923    -1.963114172
     0.077104415    -1.986565008
     0.084113907    -2.010256246
     0.091123400    -2.034124009
     0.098132892    -2.058075745
     0.105142384    -2.081969168
     0.112151876    -2.106142802
     0.119161369    -2.129126589
     0.126170861    -2.150654493
     0.133180353    -2.169244280
     0.140189845    -2.181681235
     0.140189845    -2.181681235
     0.154208830    -2.189134082
     0.168227814    -2.181598920
     0.182246798    -2.093169861
     0.196265783    -2.077713716
     0.210284767    -2.069389921
     0.224303751    -2.068114510
     0.238322736    -2.073745382
     0.252341720    -2.086050603
     0.266360704    -2.077180036
     0.280379689    -2.074460035
     0.294398673    -2.048449359
     0.308417657    -1.911222352
     0.322436642    -1.831548229
     0.336455626    -2.014000380
     0.350474611    -2.005086223
     0.364493595    -1.997636053
     0.378512579    -1.991736183
     0.392531564    -1.813547674
     0.406550548    -1.378122836
     0.420569532    -1.314565718
     0.420569532    -1.314565718
     0.432710450    -1.348767663
     0.444851368    -1.812305583
     0.456992286    -1.729966749
     0.469133204    -1.814134295
     0.481274122    -1.799379264
     0.493415040    -1.768337264
     0.505555958    -1.831417858
     0.517696876    -1.911018775
     0.529837794    -1.991943744
     0.541978712    -2.073962699
     0.554119630    -2.073853942
     0.566260548    -2.028887480
     0.578401466    -1.985796927
     0.590542384    -1.944657817
     0.602683302    -1.905641467
     0.614824220    -1.915914284
     0.626965139    -1.955158961
     0.639106057    -1.994188988
     0.651246975    -2.032903453
     0.663387893    -2.069914461
  
     0.000000000    -1.759739503
     0.007009492    -1.770895797
     0.014018985    -1.789457818
     0.021028477    -1.809435774
     0.028037969    -1.830113497
     0.035047461    -1.851316121
     0.042056954    -1.860545541
     0.049066446    -1.894618273
     0.056075938    -1.793768472
     0.063085430    -1.761318576
     0.070094923    -1.729522116
     0.077104415    -1.698398720
     0.084113907    -1.667970833
     0.091123400    -1.638264847
     0.098132892    -1.609312726
     0.105142384    -1.581154822
     0.112151876    -2.105570295
     0.119161369    -2.128465580
     0.126170861    -2.149877992
     0.133180353    -2.168350726
     0.140189845    -2.181662450
     0.140189845    -2.181662450
     0.154208830    -2.145470381
     0.168227814    -2.115775241
     0.182246798    -1.649662437
     0.196265783    -1.714832304
     0.210284767    -1.779526022
     0.224303751    -1.843722999
     0.238322736    -1.907406816
     0.252341720    -1.970534122
     0.266360704    -2.032758773
     0.280379689    -2.059896575
     0.294398673    -1.991682143
     0.308417657    -1.401563683
     0.322436642    -1.454961893
     0.336455626    -1.752896655
     0.350474611    -1.675632088
     0.364493595    -1.657222957
     0.378512579    -1.733306724
     0.392531564    -1.813342120
     0.406550548    -1.307459555
     0.420569532    -1.314563132
     0.420569532    -1.314563132
     0.432710450    -1.336155696
     0.444851368    -1.449484530
     0.456992286    -1.522798465
     0.469133204    -1.649784556
     0.481274122    -1.780400287
     0.493415040    -1.759452476
     0.505555958    -1.740638426
     0.517696876    -1.716611523
     0.529837794    -1.696541629
     0.541978712    -1.685111021
     0.554119630    -1.724315621
     0.566260548    -1.763683293
     0.578401466    -1.803134477
     0.590542384    -1.842591163
     0.602683302    -1.881921101
     0.614824220    -1.875515270
     0.626965139    -1.841301756
     0.639106057    -1.809529303
     0.651246975    -1.780657246
     0.663387893    -1.759739503
  
     0.000000000    -1.755376899
     0.007009492    -1.768905695
     0.014018985    -1.788330448
     0.021028477    -1.808633842
     0.028037969    -1.829475085
     0.035047461    -1.850771549
     0.042056954    -1.857328495
     0.049066446    -1.826853815
     0.056075938    -1.790445403
     0.063085430    -1.757963349
     0.070094923    -1.726146170
     0.077104415    -1.695014274
     0.084113907    -1.664590887
     0.091123400    -1.634903174
     0.098132892    -1.605983985
     0.105142384    -1.577875039
     0.112151876    -1.553845684
     0.119161369    -1.527468703
     0.126170861    -1.502182689
     0.133180353    -1.478419748
     0.140189845    -1.458537634
     0.140189845    -1.458537634
     0.154208830    -1.518269995
     0.168227814    -1.584068460
     0.182246798    -1.649569918
     0.196265783    -1.714753830
     0.210284767    -1.779453562
     0.224303751    -1.843651017
     0.238322736    -1.907329164
     0.252341720    -1.970439392
     0.266360704    -2.032603847
     0.280379689    -2.059843665
     0.294398673    -1.991665109
     0.308417657    -1.401063988
     0.322436642    -1.454538673
     0.336455626    -1.752875760
     0.350474611    -1.675607829
     0.364493595    -1.656961823
     0.378512579    -1.733075343
     0.392531564    -1.449654922
     0.406550548    -1.307448686
     0.420569532    -1.314514906
     0.420569532    -1.314514906
     0.432710450    -1.281046729
     0.444851368    -1.383661256
     0.456992286    -1.419181956
     0.469133204    -1.597581258
     0.481274122    -1.673491924
     0.493415040    -1.741068654
     0.505555958    -1.720461431
     0.517696876    -1.697203196
     0.529837794    -1.677817026
     0.541978712    -1.680654693
     0.554119630    -1.717371170
     0.566260548    -1.757099424
     0.578401466    -1.796862652
     0.590542384    -1.836589763
     0.602683302    -1.876127174
     0.614824220    -1.868348245
     0.626965139    -1.833646772
     0.639106057    -1.801367718
     0.651246975    -1.772165963
     0.663387893    -1.755376899
  
     0.000000000    -1.740226723
     0.007009492    -1.727139523
     0.014018985    -1.709038669
     0.021028477    -1.690938762
     0.028037969    -1.673175800
     0.035047461    -1.655824158
     0.042056954    -1.638910817
     0.049066446    -1.823573838
     0.056075938    -1.606444354
     0.063085430    -1.590902430
     0.070094923    -1.575825174
     0.077104415    -1.561213709
     0.084113907    -1.547068016
     0.091123400    -1.533386892
     0.098132892    -1.520167672
     0.105142384    -1.507405633
     0.112151876    -1.550633848
     0.119161369    -1.524352086
     0.126170861    -1.499218045
     0.133180353    -1.475804213
     0.140189845    -1.457169471
     0.140189845    -1.457169471
     0.154208830    -1.518047790
     0.168227814    -1.583944186
     0.182246798    -1.398463794
     0.196265783    -1.384126102
     0.210284767    -1.371451148
     0.224303751    -1.360362649
     0.238322736    -1.350809228
     0.252341720    -1.342803436
     0.266360704    -1.336652187
     0.280379689    -1.335295821
     0.294398673    -1.358010048
     0.308417657    -1.317227595
     0.322436642    -1.314637149
     0.336455626    -1.515924590
     0.350474611    -1.582859797
     0.364493595    -1.597371248
     0.378512579    -1.523057891
     0.392531564    -1.449627261
     0.406550548    -1.236629441
     0.420569532    -1.291142892
     0.420569532    -1.291142892
     0.432710450    -1.262615944
     0.444851368    -1.371825131
     0.456992286    -1.408427022
     0.469133204    -1.455179105
     0.481274122    -1.572723182
     0.493415040    -1.534795369
     0.505555958    -1.569658604
     0.517696876    -1.607583913
     0.529837794    -1.646159515
     0.541978712    -1.677743892
     0.554119630    -1.669105535
     0.566260548    -1.661971024
     0.578401466    -1.659250179
     0.590542384    -1.660869698
     0.602683302    -1.666693402
     0.614824220    -1.676532203
     0.626965139    -1.690147860
     0.639106057    -1.707223588
     0.651246975    -1.727056873
     0.663387893    -1.740226723
  
     0.000000000    -1.736019462
     0.007009492    -1.725305183
     0.014018985    -1.708068339
     0.021028477    -1.690296084
     0.028037969    -1.672700008
     0.035047461    -1.655447733
     0.042056954    -1.638599234
     0.049066446    -1.622448537
     0.056075938    -1.606209502
     0.063085430    -1.590690687
     0.070094923    -1.575629952
     0.077104415    -1.561029671
     0.084113907    -1.546890373
     0.091123400    -1.533210744
     0.098132892    -1.519987161
     0.105142384    -1.507212443
     0.112151876    -1.495092825
     0.119161369    -1.483216267
     0.126170861    -1.471761718
     0.133180353    -1.460865573
     0.140189845    -1.457159484
     0.140189845    -1.457159484
     0.154208830    -1.432849225
     0.168227814    -1.414582131
     0.182246798    -1.398449146
     0.196265783    -1.384110862
     0.210284767    -1.371433987
     0.224303751    -1.360342662
     0.238322736    -1.350784665
     0.252341720    -1.342769606
     0.266360704    -1.336590786
     0.280379689    -1.335063195
     0.294398673    -1.357453839
     0.308417657    -1.317216525
     0.322436642    -1.314629850
     0.336455626    -1.515566229
     0.350474611    -1.582555771
     0.364493595    -1.597344417
     0.378512579    -1.523032693
     0.392531564    -1.307696635
     0.406550548    -1.236602043
     0.420569532    -1.291136476
     0.420569532    -1.291136476
     0.432710450    -1.236829678
     0.444851368    -1.248231354
     0.456992286    -1.216083339
     0.469133204    -1.445628587
     0.481274122    -1.490848800
     0.493415040    -1.521524823
     0.505555958    -1.560111921
     0.517696876    -1.599051063
     0.529837794    -1.638282499
     0.541978712    -1.662682857
     0.554119630    -1.651964072
     0.566260548    -1.645718858
     0.578401466    -1.643920978
     0.590542384    -1.646472690
     0.602683302    -1.653217763
     0.614824220    -1.663953549
     0.626965139    -1.678437786
     0.639106057    -1.696374009
     0.651246975    -1.717256669
     0.663387893    -1.736019462
  
     0.000000000    -0.848103010
     0.007009492    -0.853964960
     0.014018985    -0.869949461
     0.021028477    -0.892862549
     0.028037969    -0.920022733
     0.035047461    -0.949734669
     0.042056954    -0.981008764
     0.049066446    -1.622181727
     0.056075938    -1.046152117
     0.063085430    -1.079447819
     0.070094923    -1.113005965
     0.077104415    -1.146726419
     0.084113907    -1.180537969
     0.091123400    -1.214387943
     0.098132892    -1.248235424
     0.105142384    -1.282046047
     0.112151876    -1.494872793
     0.119161369    -1.482939914
     0.126170861    -1.471349928
     0.133180353    -1.460015549
     0.140189845    -1.455559937
     0.140189845    -1.455559937
     0.154208830    -1.432757188
     0.168227814    -1.414561348
     0.182246798    -1.332875359
     0.196265783    -1.305129356
     0.210284767    -1.284460885
     0.224303751    -1.271787182
     0.238322736    -1.267942217
     0.252341720    -1.273549782
     0.266360704    -1.288685171
     0.280379689    -1.310433952
     0.294398673    -1.319131989
     0.308417657    -0.805734915
     0.322436642    -0.864194545
     0.336455626    -1.312395529
     0.350474611    -1.310616942
     0.364493595    -1.309275079
     0.378512579    -1.308316557
     0.392531564    -1.307687097
     0.406550548     1.296265779
     0.420569532     1.335526447
     0.420569532     1.335526447
     0.432710450     1.299592918
     0.444851368    -1.228126541
     0.456992286    -1.193589297
     0.469133204    -1.184558912
     0.481274122    -1.483346044
     0.493415040    -1.490313047
     0.505555958    -1.420057243
     0.517696876    -1.349974569
     0.529837794    -1.282670519
     0.541978712    -1.218648718
     0.554119630    -1.158300415
     0.566260548    -1.102024618
     0.578401466    -1.050246280
     0.590542384    -1.003412607
     0.602683302    -0.961977256
     0.614824220    -0.926373651
     0.626965139    -0.896978468
     0.639106057    -0.874068823
     0.651246975    -0.857780010
     0.663387893    -0.848103010
  
     0.000000000    -0.848042757
     0.007009492    -0.853907153
     0.014018985    -0.869897098
     0.021028477    -0.892815764
     0.028037969    -0.919980364
     0.035047461    -0.949695373
     0.042056954    -0.980971349
     0.049066446    -1.013265079
     0.056075938    -1.046115500
     0.063085430    -1.079410258
     0.070094923    -1.112966526
     0.077104415    -1.146684028
     0.084113907    -1.180491289
     0.091123400    -1.214335175
     0.098132892    -1.248173972
     0.105142384    -1.281971849
     0.112151876    -1.315786204
     0.119161369    -1.349411442
     0.126170861    -1.382824499
     0.133180353    -1.415575246
     0.140189845    -1.438036022
     0.140189845    -1.438036022
     0.154208830    -1.405378955
     0.168227814    -1.366730275
     0.182246798    -1.330755017
     0.196265783    -1.303251787
     0.210284767    -1.282824588
     0.224303751    -1.270380308
     0.238322736    -1.266748018
     0.252341720    -1.272551370
     0.266360704    -1.287877987
     0.280379689    -1.309938742
     0.294398673    -1.319079087
     0.308417657    -0.805681255
     0.322436642    -0.864141433
     0.336455626    -1.312388256
     0.350474611    -1.310609114
     0.364493595    -1.309266651
     0.378512579    -1.308307582
     0.392531564    -1.170719366
     0.406550548     1.296270177
     0.420569532     1.335528200
     0.420569532     1.335528200
     0.432710450     1.309275817
     0.444851368    -1.170870811
     0.456992286    -1.106598046
     0.469133204    -1.159137838
     0.481274122    -1.153604242
     0.493415040    -1.123165575
     0.505555958    -1.093203461
     0.517696876    -1.063710568
     0.529837794    -1.034731612
     0.541978712    -1.006383075
     0.554119630    -0.978870006
     0.566260548    -0.952497497
     0.578401466    -0.927675178
     0.590542384    -0.904913825
     0.602683302    -0.884813574
     0.614824220    -0.868043139
     0.626965139    -0.855309360
     0.639106057    -0.847316969
     0.651246975    -0.844720414
     0.663387893    -0.848042757
  
     0.000000000    -0.632426350
     0.007009492    -0.626485267
     0.014018985    -0.610265291
     0.021028477    -0.586963350
     0.028037969    -0.559262396
     0.035047461    -0.528858183
     0.042056954    -0.496740443
     0.049066446    -1.013228521
     0.056075938    -0.429456512
     0.063085430    -0.394864526
     0.070094923    -0.359859968
     0.077104415    -0.324543347
     0.084113907    -0.288986062
     0.091123400    -0.253240521
     0.098132892    -0.217346357
     0.105142384    -0.181334382
     0.112151876    -1.315692257
     0.119161369    -1.349283956
     0.126170861    -1.382630054
     0.133180353    -1.415197913
     0.140189845    -1.438030536
     0.140189845    -1.438030536
     0.154208830    -1.402959068
     0.168227814    -1.364389943
     0.182246798    -0.217487032
     0.196265783    -0.288925029
     0.210284767    -0.359382692
     0.224303751    -0.428528956
     0.238322736    -0.496041416
     0.252341720    -0.561657222
     0.266360704    -0.625243637
     0.280379689    -0.686870825
     0.294398673    -0.746854200
     0.308417657     0.858582568
     0.322436642     0.926947781
     0.336455626    -0.922936315
     0.350474611    -0.982578981
     0.364493595    -1.043592092
     0.378512579    -1.106271315
     0.392531564    -1.170685416
     0.406550548     1.335607564
     0.420569532     1.350310393
     0.420569532     1.350310393
     0.432710450     1.323911754
     0.444851368     1.254995388
     0.456992286     1.209882457
     0.469133204    -1.044545086
     0.481274122    -1.124696978
     0.493415040    -1.090151649
     0.505555958    -1.055386244
     0.517696876    -1.020308791
     0.529837794    -0.984871803
     0.541978712    -0.949090108
     0.554119630    -0.913054111
     0.566260548    -0.876937491
     0.578401466    -0.840999539
     0.590542384    -0.805583390
     0.602683302    -0.771111722
     0.614824220    -0.738081058
     0.626965139    -0.707054743
     0.639106057    -0.678653488
     0.651246975    -0.653541305
     0.663387893    -0.632426350
  
     0.000000000    -0.632382039
     0.007009492    -0.626443498
     0.014018985    -0.610229260
     0.021028477    -0.586933396
     0.028037969    -0.559237582
     0.035047461    -0.528837416
     0.042056954    -0.496722821
     0.049066446    -0.463489294
     0.056075938    -0.429443310
     0.063085430    -0.394852912
     0.070094923    -0.359849665
     0.077104415    -0.324534146
     0.084113907    -0.288977804
     0.091123400    -0.253233083
     0.098132892    -0.217339643
     0.105142384    -0.181328315
     0.112151876    -0.145229164
     0.119161369    -0.109050761
     0.126170861    -0.072815909
     0.133180353    -0.036538863
     0.140189845    -0.000241350
     0.140189845    -0.000241350
     0.154208830    -0.072882040
     0.168227814    -0.145379631
     0.182246798    -0.217473265
     0.196265783    -0.288907660
     0.210284767    -0.359361066
     0.224303751    -0.428502376
     0.238322736    -0.496009261
     0.252341720    -0.561619143
     0.266360704    -0.625199790
     0.280379689    -0.686822045
     0.294398673    -0.746802003
     0.308417657     0.858582700
     0.322436642     0.926948393
     0.336455626    -0.922885458
     0.350474611    -0.982531581
     0.364493595    -1.043548844
     0.378512579    -1.106232555
     0.392531564     1.243262126
     0.406550548     1.335635490
     0.420569532     1.350315768
     0.420569532     1.350315768
     0.432710450     1.359183706
     0.444851368     1.268026391
     0.456992286     1.220080948
     0.469133204     1.164561943
     0.481274122    -0.985011124
     0.493415040    -0.928288343
     0.505555958    -0.874696493
     0.517696876    -0.824592916
     0.529837794    -0.778374936
     0.541978712    -0.736476414
     0.554119630    -0.699357283
     0.566260548    -0.667484257
     0.578401466    -0.641301525
     0.590542384    -0.621192262
     0.602683302    -0.607435010
     0.614824220    -0.600162463
     0.626965139    -0.599332167
     0.639106057    -0.604717180
     0.651246975    -0.615919709
     0.663387893    -0.632382039
  
     0.000000000     0.622190874
     0.007009492     0.616555444
     0.014018985     0.601103830
     0.021028477     0.578775999
     0.028037969     0.552089049
     0.035047461     0.522663505
     0.042056954     0.491458098
     0.049066446    -0.463474134
     0.056075938     0.425756711
     0.063085430     0.391828372
     0.070094923     0.357402266
     0.077104415     0.322580587
     0.084113907     0.287437486
     0.091123400     0.252029134
     0.098132892     0.216399979
     0.105142384     0.180586760
     0.112151876    -0.145223683
     0.119161369    -0.109045816
     0.126170861    -0.072811458
     0.133180353    -0.036534869
     0.140189845    -0.000235793
     0.140189845    -0.000235793
     0.154208830    -0.072873931
     0.168227814    -0.145368914
     0.182246798     0.217711926
     0.196265783     0.290190511
     0.210284767     0.362494024
     0.224303751     0.434568701
     0.238322736     0.506359054
     0.252341720     0.577805252
     0.266360704     0.648839890
     0.280379689     0.719383682
     0.294398673     0.789339342
     0.308417657     1.133848943
     0.322436642     1.153064688
     0.336455626     0.994208841
     0.350474611     1.060045365
     0.364493595     1.123994677
     0.378512579     1.185385529
     0.392531564     1.243266290
     0.406550548     1.387077880
     0.420569532     1.350316017
     0.420569532     1.350316017
     0.432710450     1.364366915
     0.444851368     1.286933302
     0.456992286     1.243365588
     0.469133204     1.168806106
     0.481274122     1.116185589
     0.493415040     1.063412310
     0.505555958     1.011274563
     0.517696876     0.960363103
     0.529837794     0.911178836
     0.541978712     0.864190529
     0.554119630     0.819866702
     0.566260548     0.778692546
     0.578401466     0.741176136
     0.590542384     0.707844922
     0.602683302     0.679231974
     0.614824220     0.655851353
     0.626965139     0.638163347
     0.639106057     0.626533069
     0.651246975     0.621189230
     0.663387893     0.622190874
  
     0.000000000     0.622193780
     0.007009492     0.616557886
     0.014018985     0.601105436
     0.021028477     0.578777428
     0.028037969     0.552090916
     0.035047461     0.522665794
     0.042056954     0.491460642
     0.049066446     0.459040255
     0.056075938     0.425759351
     0.063085430     0.391830940
     0.070094923     0.357404737
     0.077104415     0.322582981
     0.084113907     0.287439866
     0.091123400     0.252031602
     0.098132892     0.216402655
     0.105142384     0.180589769
     0.112151876     0.144621188
     0.119161369     0.108531780
     0.126170861     0.072345179
     0.133180353     0.036087125
     0.140189845    -0.000210078
     0.140189845    -0.000210078
     0.154208830     0.072450645
     0.168227814     0.145112727
     0.182246798     0.217718559
     0.196265783     0.290196397
     0.210284767     0.362499183
     0.224303751     0.434573145
     0.238322736     0.506362789
     0.252341720     0.577808278
     0.266360704     0.648842203
     0.280379689     0.719385277
     0.294398673     0.789340210
     0.308417657     1.133907619
     0.322436642     1.153119028
     0.336455626     0.994210206
     0.350474611     1.060047485
     0.364493595     1.123997543
     0.378512579     1.185389102
     0.392531564     1.308667841
     0.406550548     1.387080700
     0.420569532     1.350327630
     0.420569532     1.350327630
     0.432710450     1.389944316
     0.444851368     1.365168818
     0.456992286     1.364771769
     0.469133204     1.196579843
     0.481274122     1.119196903
     0.493415040     1.073945538
     0.505555958     1.028984177
     0.517696876     0.984516550
     0.529837794     0.940780514
     0.541978712     0.898054302
     0.554119630     0.856662575
     0.566260548     0.816981897
     0.578401466     0.779444716
     0.590542384     0.744540382
     0.602683302     0.712811158
     0.614824220     0.684840773
     0.626965139     0.661233206
     0.639106057     0.642580499
     0.651246975     0.629420914
     0.663387893     0.622193780
  
     0.000000000     0.834140374
     0.007009492     0.839618467
     0.014018985     0.854597822
     0.021028477     0.876138372
     0.028037969     0.901724140
     0.035047461     0.929736651
     0.042056954     0.959219530
     0.049066446     0.459042902
     0.056075938     1.020558984
     0.063085430     1.051854893
     0.070094923     1.083352954
     0.077104415     1.114955369
     0.084113907     1.146592398
     0.091123400     1.178211763
     0.098132892     1.209771249
     0.105142384     1.241232031
     0.112151876     0.144624641
     0.119161369     0.108535776
     0.126170861     0.072349805
     0.133180353     0.036092462
     0.140189845    -0.000200659
     0.140189845    -0.000200659
     0.154208830     0.072458885
     0.168227814     0.145120139
     0.182246798     1.255885495
     0.196265783     1.217704728
     0.210284767     1.184735813
     0.224303751     1.157537021
     0.238322736     1.136589052
     0.252341720     1.122272684
     0.266360704     1.114837855
     0.280379689     1.114376114
     0.294398673     1.120802539
     0.308417657     1.402420350
     0.322436642     1.413460240
     0.336455626     1.177814410
     0.350474611     1.207251377
     0.364493595     1.240223269
     0.378512579     1.275011422
     0.392531564     1.308699294
     0.406550548     1.535680014
     0.420569532     1.566364662
     0.420569532     1.566364662
     0.432710450     1.532253477
     0.444851368     1.368431423
     0.456992286     1.366575056
     0.469133204     1.361530570
     0.481274122     1.148761187
     0.493415040     1.101296327
     0.505555958     1.055145668
     0.517696876     1.011059980
     0.529837794     0.969693413
     0.541978712     0.931658959
     0.554119630     0.897550325
     0.566260548     0.867941171
     0.578401466     0.843366929
     0.590542384     0.824293336
     0.602683302     0.811077467
     0.614824220     0.803929792
     0.626965139     0.802887271
     0.639106057     0.807805845
     0.651246975     0.818375469
     0.663387893     0.834140374
  
     0.000000000     0.834167984
     0.007009492     0.839645531
     0.014018985     0.854623685
     0.021028477     0.876163037
     0.028037969     0.901747901
     0.035047461     0.929759827
     0.042056954     0.959242383
     0.049066446     0.989608134
     0.056075938     1.020581736
     0.063085430     1.051877782
     0.070094923     1.083376070
     0.077104415     1.114978787
     0.084113907     1.146616185
     0.091123400     1.178235986
     0.098132892     1.209795986
     0.105142384     1.241257385
     0.112151876     1.272549116
     0.119161369     1.303648286
     0.126170861     1.334337975
     0.133180353     1.363713251
     0.140189845     1.381666355
     0.140189845     1.381666355
     0.154208830     1.344768618
     0.168227814     1.298618129
     0.182246798     1.255942480
     0.196265783     1.217765310
     0.210284767     1.184799477
     0.224303751     1.157603043
     0.238322736     1.136656520
     0.252341720     1.122340542
     0.266360704     1.114904975
     0.280379689     1.114441379
     0.294398673     1.120864931
     0.308417657     1.402423743
     0.322436642     1.413464500
     0.336455626     1.177864040
     0.350474611     1.207296160
     0.364493595     1.240263281
     0.378512579     1.275046932
     0.392531564     1.422240684
     0.406550548     1.535689949
     0.420569532     1.566394552
     0.420569532     1.566394552
     0.432710450     1.555204676
     0.444851368     1.433365492
     0.456992286     1.452929741
     0.469133204     1.361653539
     0.481274122     1.352501387
     0.493415040     1.324210558
     0.505555958     1.284956157
     0.517696876     1.244305361
     0.529837794     1.203482620
     0.541978712     1.162861850
     0.554119630     1.122697409
     0.566260548     1.083235078
     0.578401466     1.044743140
     0.590542384     1.007526310
     0.602683302     0.971934361
     0.614824220     0.938367909
     0.626965139     0.907281091
     0.639106057     0.879179715
     0.651246975     0.854612661
     0.663387893     0.834167984
  
     0.000000000     1.561474786
     0.007009492     1.550846315
     0.014018985     1.539791854
     0.021028477     1.529029948
     0.028037969     1.518572896
     0.035047461     1.508429572
     0.042056954     1.498606459
     0.049066446     0.989630862
     0.056075938     1.479945058
     0.063085430     1.471118242
     0.070094923     1.462634555
     0.077104415     1.454499029
     0.084113907     1.446716345
     0.091123400     1.439290778
     0.098132892     1.432226156
     0.105142384     1.425525899
     0.112151876     1.272575245
     0.119161369     1.303675463
     0.126170861     1.334366727
     0.133180353     1.363744007
     0.140189845     1.381669694
     0.140189845     1.381669694
     0.154208830     1.344816856
     0.168227814     1.298671184
     0.182246798     1.377788409
     0.196265783     1.374073868
     0.210284767     1.371981392
     0.224303751     1.371496638
     0.238322736     1.372613300
     0.252341720     1.375328978
     0.266360704     1.379646971
     0.280379689     1.385579900
     0.294398673     1.393154546
     0.308417657     1.577508062
     0.322436642     1.554873327
     0.336455626     1.426400904
     0.350474611     1.441389573
     0.364493595     1.457972777
     0.378512579     1.452201234
     0.392531564     1.422242324
     0.406550548     1.585032199
     0.420569532     1.566405041
     0.420569532     1.566405041
     0.432710450     1.564471910
     0.444851368     1.492871360
     0.456992286     1.476456375
     0.469133204     1.413208355
     0.481274122     1.357690112
     0.493415040     1.354555854
     0.505555958     1.352909514
     0.517696876     1.353244622
     0.529837794     1.355886533
     0.541978712     1.361053623
     0.554119630     1.368889677
     0.566260548     1.379482064
     0.578401466     1.392872842
     0.590542384     1.409066348
     0.602683302     1.428035027
     0.614824220     1.449724414
     0.626965139     1.474057603
     0.639106057     1.500939302
     0.651246975     1.530258910
     0.663387893     1.561474786
  
     0.000000000     1.561755489
     0.007009492     1.550856445
     0.014018985     1.539794317
     0.021028477     1.529030709
     0.028037969     1.518575040
     0.035047461     1.508432940
     0.042056954     1.498610940
     0.049066446     1.489109667
     0.056075938     1.479951737
     0.063085430     1.471126075
     0.070094923     1.462643601
     0.077104415     1.454509356
     0.084113907     1.446728034
     0.091123400     1.439303925
     0.098132892     1.432240881
     0.105142384     1.425542367
     0.112151876     1.419193607
     0.119161369     1.413236770
     0.126170861     1.407693382
     0.133180353     1.402940982
     0.140189845     1.406271580
     0.140189845     1.406271580
     0.154208830     1.390507435
     0.168227814     1.383171836
     0.182246798     1.377792208
     0.196265783     1.374076602
     0.210284767     1.371983265
     0.224303751     1.371497743
     0.238322736     1.372613677
     0.252341720     1.375329318
     0.266360704     1.379648034
     0.280379689     1.385581705
     0.294398673     1.393157125
     0.308417657     1.577513289
     0.322436642     1.554877494
     0.336455626     1.426406105
     0.350474611     1.441395854
     0.364493595     1.457980564
     0.378512579     1.452202281
     0.392531564     1.506345087
     0.406550548     1.585060956
     0.420569532     1.566421469
     0.420569532     1.566421469
     0.432710450     1.593278970
     0.444851368     1.557099044
     0.456992286     1.567812602
     0.469133204     1.519002077
     0.481274122     1.377037914
     0.493415040     1.360631631
     0.505555958     1.356654521
     0.517696876     1.356129173
     0.529837794     1.358281947
     0.541978712     1.363110330
     0.554119630     1.370686163
     0.566260548     1.381066508
     0.578401466     1.394278427
     0.590542384     1.410317926
     0.602683302     1.429152372
     0.614824220     1.450723943
     0.626965139     1.474953353
     0.639106057     1.501743521
     0.651246975     1.530982413
     0.663387893     1.561755489
  
     0.000000000     1.562699892
     0.007009492     1.573886725
     0.014018985     1.585812123
     0.021028477     1.598014640
     0.028037969     1.610484767
     0.035047461     1.623214845
     0.042056954     1.636197453
     0.049066446     1.489115237
     0.056075938     1.662890559
     0.063085430     1.676586012
     0.070094923     1.690501673
     0.077104415     1.661881556
     0.084113907     1.630585756
     0.091123400     1.599731321
     0.098132892     1.569363722
     0.105142384     1.539536351
     0.112151876     1.419212072
     0.119161369     1.413257693
     0.126170861     1.407717783
     0.133180353     1.402971347
     0.140189845     1.406283523
     0.140189845     1.406283523
     0.154208830     1.390515462
     0.168227814     1.383177178
     0.182246798     1.581516383
     0.196265783     1.641074578
     0.210284767     1.700005802
     0.224303751     1.709628400
     0.238322736     1.687753656
     0.252341720     1.665856810
     0.266360704     1.643925128
     0.280379689     1.621929057
     0.294398673     1.599817473
     0.308417657     1.958013962
     0.322436642     1.896434761
     0.336455626     1.531724511
     0.350474611     1.507824785
     0.364493595     1.483494004
     0.378512579     1.482484926
     0.392531564     1.506352945
     0.406550548     1.617780391
     0.420569532     1.585690935
     0.420569532     1.585690935
     0.432710450     1.608127363
     0.444851368     1.565639695
     0.456992286     1.575602230
     0.469133204     1.584135166
     0.481274122     1.560906139
     0.493415040     1.602048328
     0.505555958     1.641895124
     0.517696876     1.674948987
     0.529837794     1.702427294
     0.541978712     1.730070705
     0.554119630     1.758131896
     0.566260548     1.786338388
     0.578401466     1.812431592
     0.590542384     1.791851230
     0.602683302     1.750013726
     0.614824220     1.708953647
     0.626965139     1.669412942
     0.639106057     1.631620301
     0.651246975     1.595738627
     0.663387893     1.562699892
  
     0.000000000     1.562990900
     0.007009492     1.573907245
     0.014018985     1.585825199
     0.021028477     1.598025395
     0.028037969     1.610494499
     0.035047461     1.623224071
     0.042056954     1.636206425
     0.049066446     1.649425180
     0.056075938     1.662899356
     0.063085430     1.676594786
     0.070094923     1.690509877
     0.077104415     1.661909547
     0.084113907     1.630615330
     0.091123400     1.599762528
     0.098132892     1.569396599
     0.105142384     1.539570886
     0.112151876     1.510317043
     0.119161369     1.481805781
     0.126170861     1.454195070
     0.133180353     1.428056860
     0.140189845     1.406292158
     0.140189845     1.406292158
     0.154208830     1.461103624
     0.168227814     1.521416988
     0.182246798     1.581536643
     0.196265783     1.641094780
     0.210284767     1.700022778
     0.224303751     1.709640305
     0.238322736     1.687763213
     0.252341720     1.665865410
     0.266360704     1.643932938
     0.280379689     1.621936074
     0.294398673     1.599823640
     0.308417657     1.958121339
     0.322436642     1.896472296
     0.336455626     1.531727461
     0.350474611     1.507826274
     0.364493595     1.483494521
     0.378512579     1.482490560
     0.392531564     1.619808479
     0.406550548     1.617781420
     0.420569532     1.585698090
     0.420569532     1.585698090
     0.432710450     1.613933478
     0.444851368     1.633847166
     0.456992286     1.683618400
     0.469133204     1.591463036
     0.481274122     1.604154795
     0.493415040     1.626811175
     0.505555958     1.651902235
     0.517696876     1.683868539
     0.529837794     1.710770315
     0.541978712     1.738478475
     0.554119630     1.766739487
     0.566260548     1.795166569
     0.578401466     1.820196087
     0.590542384     1.792507253
     0.602683302     1.750475405
     0.614824220     1.709416584
     0.626965139     1.669906924
     0.639106057     1.632158105
     0.651246975     1.596329537
     0.663387893     1.562990900
  
     0.000000000     2.019843850
     0.007009492     1.991314157
     0.014018985     1.957619749
     0.021028477     1.923896982
     0.028037969     1.890303185
     0.035047461     1.856888575
     0.042056954     1.823686034
     0.049066446     1.649434030
     0.056075938     1.758032786
     0.063085430     1.725640472
     0.070094923     1.693581224
     0.077104415     1.704637014
     0.084113907     1.718976204
     0.091123400     1.733513641
     0.098132892     1.748240155
     0.105142384     1.763145262
     0.112151876     1.510353139
     0.119161369     1.481843132
     0.126170861     1.454232765
     0.133180353     1.428091428
     0.140189845     1.406302931
     0.140189845     1.406302931
     0.154208830     1.461120060
     0.168227814     1.521436380
     0.182246798     1.775149592
     0.196265783     1.753342117
     0.210284767     1.731505555
     0.224303751     1.758285330
     0.238322736     1.815874609
     0.252341720     1.872767655
     0.266360704     1.928950423
     0.280379689     1.978678986
     0.294398673     2.009706280
     0.308417657     2.018803471
     0.322436642     1.956840146
     0.336455626     1.835630401
     0.350474611     1.776366939
     0.364493595     1.719493109
     0.378512579     1.666412939
     0.392531564     1.619835601
     0.406550548     2.407326659
     0.420569532     2.437837157
     0.420569532     2.437837157
     0.432710450     2.417683621
     0.444851368     1.648098759
     0.456992286     1.689783073
     0.469133204     1.727259467
     0.481274122     1.611222191
     0.493415040     1.633668385
     0.505555958     1.658049664
     0.517696876     1.684430830
     0.529837794     1.722819897
     0.541978712     1.761044121
     0.554119630     1.798591275
     0.566260548     1.835371375
     0.578401466     1.841888495
     0.590542384     1.847302437
     0.602683302     1.875489754
     0.614824220     1.904457095
     0.626965139     1.933513947
     0.639106057     1.962493397
     0.651246975     1.991303054
     0.663387893     2.019843850
  
     0.000000000     2.019882486
     0.007009492     1.991340445
     0.014018985     1.957642220
     0.021028477     1.923918259
     0.028037969     1.890324258
     0.035047461     1.856909967
     0.042056954     1.823708077
     0.049066446     1.790724548
     0.056075938     1.758056803
     0.063085430     1.725665737
     0.070094923     1.693608488
     0.077104415     1.704645933
     0.084113907     1.718985151
     0.091123400     1.733522658
     0.098132892     1.748249291
     0.105142384     1.763154605
     0.112151876     1.778215480
     0.119161369     1.793429426
     0.126170861     1.808738617
     0.133180353     1.823942124
     0.140189845     1.835768766
     0.140189845     1.835768766
     0.154208830     1.818445784
     0.168227814     1.796890731
     0.182246798     1.775158934
     0.196265783     1.753350412
     0.210284767     1.731510041
     0.224303751     1.758310106
     0.238322736     1.815897301
     0.252341720     1.872789581
     0.266360704     1.928971645
     0.280379689     1.984408825
     0.294398673     2.015450284
     0.308417657     2.018810577
     0.322436642     1.956847099
     0.336455626     1.835657223
     0.350474611     1.776391371
     0.364493595     1.719517563
     0.378512579     1.666438459
     0.392531564     1.665662470
     0.406550548     2.425557753
     0.420569532     2.437840816
     0.420569532     2.437840816
     0.432710450     2.417718030
     0.444851368     1.651860192
     0.456992286     1.696956829
     0.469133204     1.738931554
     0.481274122     1.764179413
     0.493415040     1.800490457
     0.505555958     1.836158476
     0.517696876     1.871157599
     0.529837794     1.905466552
     0.541978712     1.939066264
     0.554119630     1.931000360
     0.566260548     1.884651115
     0.578401466     1.843663097
     0.590542384     1.856563178
     0.602683302     1.885355012
     0.614824220     1.914759289
     0.626965139     1.944250213
     0.639106057     1.973677742
     0.651246975     2.002952895
     0.663387893     2.019882486
  
     0.000000000     2.025474061
     0.007009492     2.023794638
     0.014018985     2.019229526
     0.021028477     2.012623493
     0.028037969     2.004717626
     0.035047461     1.995992314
     0.042056954     1.986733590
     0.049066446     1.790747483
     0.056075938     1.967231499
     0.063085430     1.957159836
     0.070094923     1.944283685
     0.077104415     1.928803905
     0.084113907     1.914221488
     0.091123400     1.900598325
     0.098132892     1.887987432
     0.105142384     1.876435039
     0.112151876     1.778225208
     0.119161369     1.793439921
     0.126170861     1.808750882
     0.133180353     1.823960002
     0.140189845     1.835831888
     0.140189845     1.835831888
     0.154208830     1.818459366
     0.168227814     1.796901210
     0.182246798     1.827764892
     0.196265783     1.835253899
     0.210284767     1.847751283
     0.224303751     1.865124180
     0.238322736     1.887187006
     0.252341720     1.913702869
     0.266360704     1.944369326
     0.280379689     1.984432055
     0.294398673     2.030178980
     0.308417657     2.060748934
     0.322436642     2.104916686
     0.336455626     1.895359602
     0.350474611     1.834768395
     0.364493595     1.775655875
     0.378512579     1.718881015
     0.392531564     1.665663326
     0.406550548     2.425581771
     0.420569532     2.437888492
     0.420569532     2.437888492
     0.432710450     2.435893292
     0.444851368     2.377885578
     0.456992286     2.330723142
     0.469133204     1.751176557
     0.481274122     1.797581409
     0.493415040     1.858322634
     0.505555958     1.920427753
     0.517696876     1.983432926
     0.529837794     2.027397964
     0.541978712     1.978684305
     0.554119630     1.931278562
     0.566260548     1.885009410
     0.578401466     1.871358054
     0.590542384     1.906511035
     0.602683302     1.940825566
     0.614824220     1.974284768
     0.626965139     2.006874348
     0.639106057     2.030799963
     0.651246975     2.026794612
     0.663387893     2.025474061
  
     0.000000000     2.025482194
     0.007009492     2.023827720
     0.014018985     2.019258048
     0.021028477     2.012646412
     0.028037969     2.004735586
     0.035047461     1.996006265
     0.042056954     1.986744419
     0.049066446     1.977111764
     0.056075938     1.967238328
     0.063085430     1.957165682
     0.070094923     1.946941635
     0.077104415     1.935821803
     0.084113907     1.921521467
     0.091123400     1.908179219
     0.098132892     1.895847762
     0.105142384     1.884572701
     0.112151876     1.865981846
     0.119161369     1.856663773
     0.126170861     1.848512397
     0.133180353     1.841555188
     0.140189845     1.835836506
     0.140189845     1.835836506
     0.154208830     1.828056585
     0.168227814     1.825360435
     0.182246798     1.838640250
     0.196265783     1.846535904
     0.210284767     1.859413821
     0.224303751     1.877147077
     0.238322736     1.899558723
     0.252341720     1.926422230
     0.266360704     1.957441043
     0.280379689     1.992044904
     0.294398673     2.038554858
     0.308417657     2.075378141
     0.322436642     2.120421325
     0.336455626     1.895365484
     0.350474611     1.834773081
     0.364493595     1.775659253
     0.378512579     1.718883029
     0.392531564     2.357189430
     0.406550548     2.443396722
     0.420569532     2.493074224
     0.420569532     2.493074224
     0.432710450     2.455020096
     0.444851368     2.377947321
     0.456992286     2.330827377
     0.469133204     2.280503384
     0.481274122     1.808717610
     0.493415040     1.868409491
     0.505555958     1.929550262
     0.517696876     1.991679135
     0.529837794     2.027622346
     0.541978712     1.978933769
     0.554119630     1.971947090
     0.566260548     2.004084032
     0.578401466     2.035469994
     0.590542384     2.066091447
     0.602683302     2.058518211
     0.614824220     2.046706588
     0.626965139     2.037449757
     0.639106057     2.030836906
     0.651246975     2.026832244
     0.663387893     2.025482194
  
     0.000000000     2.032022930
     0.007009492     2.060566110
     0.014018985     2.081415302
     0.021028477     2.066816360
     0.028037969     2.049679539
     0.035047461     2.031620695
     0.042056954     2.013347101
     0.049066446     1.977120242
     0.056075938     1.977620154
     0.063085430     1.960586631
     0.070094923     1.946947129
     0.077104415     1.936608471
     0.084113907     1.926182729
     0.091123400     1.915682416
     0.098132892     1.905121746
     0.105142384     1.894513655
     0.112151876     1.874394050
     0.119161369     1.865347007
     0.126170861     1.857462403
     0.133180353     1.850766596
     0.140189845     1.845253087
     0.140189845     1.845253087
     0.154208830     1.838030181
     0.168227814     1.835799863
     0.182246798     1.937880957
     0.196265783     1.971082076
     0.210284767     2.004603110
     0.224303751     2.038365989
     0.238322736     2.072292166
     0.252341720     2.106298128
     0.266360704     2.140285389
     0.280379689     2.086137188
     0.294398673     2.039132340
     0.308417657     2.093097611
     0.322436642     2.146269250
     0.336455626     2.152025517
     0.350474611     2.201406023
     0.364493595     2.252529664
     0.378512579     2.304771142
     0.392531564     2.385053732
     0.406550548     2.459908304
     0.420569532     2.493076355
     0.420569532     2.493076355
     0.432710450     2.455127913
     0.444851368     2.410565318
     0.456992286     2.370640412
     0.469133204     2.280636565
     0.481274122     2.229361513
     0.493415040     2.178161927
     0.505555958     2.127296054
     0.517696876     2.076989197
     0.529837794     2.046978417
     0.541978712     2.110267246
     0.554119630     2.129249875
     0.566260548     2.108484997
     0.578401466     2.089515773
     0.590542384     2.072816959
     0.602683302     2.058557694
     0.614824220     2.046744837
     0.626965139     2.037487174
     0.639106057     2.038577875
     0.651246975     2.048159224
     0.663387893     2.032022930
  
     0.000000000     2.032037545
     0.007009492     2.060622337
     0.014018985     2.085638166
     0.021028477     2.071544454
     0.028037969     2.054703951
     0.035047461     2.036936077
     0.042056954     2.018949618
     0.049066446     1.995263151
     0.056075938     1.983790713
     0.063085430     1.967039998
     0.070094923     1.951019674
     0.077104415     1.936614073
     0.084113907     1.926188739
     0.091123400     1.915688982
     0.098132892     1.905128905
     0.105142384     1.894521375
     0.112151876     1.883872114
     0.119161369     1.873217525
     0.126170861     1.862596129
     0.133180353     1.852204396
     0.140189845     1.845301209
     0.140189845     1.845301209
     0.154208830     1.872869910
     0.168227814     1.905088420
     0.182246798     1.937882454
     0.196265783     1.971084610
     0.210284767     2.004606456
     0.224303751     2.038370031
     0.238322736     2.072296849
     0.252341720     2.106303496
     0.266360704     2.140292621
     0.280379689     2.086427159
     0.294398673     2.039153142
     0.308417657     2.093115080
     0.322436642     2.146286455
     0.336455626     2.168617641
     0.350474611     2.219481892
     0.364493595     2.272699817
     0.378512579     2.327989269
     0.392531564     2.392829755
     0.406550548     2.462178514
     0.420569532     2.493187827
     0.420569532     2.493187827
     0.432710450     2.474977171
     0.444851368     2.410644172
     0.456992286     2.370692416
     0.469133204     2.334048511
     0.481274122     2.229515068
     0.493415040     2.178332749
     0.505555958     2.127483601
     0.517696876     2.077194261
     0.529837794     2.054422966
     0.541978712     2.116845843
     0.554119630     2.129400275
     0.566260548     2.108539757
     0.578401466     2.089560582
     0.590542384     2.072858294
     0.602683302     2.095936056
     0.614824220     2.108466549
     0.626965139     2.099754884
     0.639106057     2.076098611
     0.651246975     2.060806092
     0.663387893     2.032037545
  
     0.000000000     2.088468067
     0.007009492     2.090070219
     0.014018985     2.094359704
     0.021028477     2.100731961
     0.028037969     2.108193292
     0.035047461     2.116339371
     0.042056954     2.124882360
     0.049066446     2.001150336
     0.056075938     2.142530616
     0.063085430     2.151456095
     0.070094923     2.160375705
     0.077104415     2.169252988
     0.084113907     2.178059788
     0.091123400     2.186773473
     0.098132892     2.195375580
     0.105142384     2.203850946
     0.112151876     1.883880300
     0.119161369     1.873225997
     0.126170861     1.862604599
     0.133180353     1.852213402
     0.140189845     1.845301565
     0.140189845     1.845301565
     0.154208830     1.872873732
     0.168227814     1.905088508
     0.182246798     2.170458777
     0.196265783     2.154452793
     0.210284767     2.142973165
     0.224303751     2.136136939
     0.238322736     2.134022249
     0.252341720     2.136656264
     0.266360704     2.143309232
     0.280379689     2.143105134
     0.294398673     2.080986066
     0.308417657     2.194611848
     0.322436642     2.220458526
     0.336455626     2.198598709
     0.350474611     2.249982454
     0.364493595     2.300188344
     0.378512579     2.348571300
     0.392531564     2.392847355
     0.406550548     2.462186129
     0.420569532     2.498093087
     0.420569532     2.498093087
     0.432710450     2.475037932
     0.444851368     2.429881491
     0.456992286     2.408919594
     0.469133204     2.334091501
     0.481274122     2.299606132
     0.493415040     2.266925143
     0.505555958     2.235946018
     0.517696876     2.206729257
     0.529837794     2.179410463
     0.541978712     2.154513910
     0.554119630     2.172517124
     0.566260548     2.166019498
     0.578401466     2.148574709
     0.590542384     2.132975759
     0.602683302     2.119565454
     0.614824220     2.108519012
     0.626965139     2.099807902
     0.639106057     2.089266340
     0.651246975     2.069374647
     0.663387893     2.088468067
  
     0.000000000     2.088516067
     0.007009492     2.090116171
     0.014018985     2.094417500
     0.021028477     2.100766311
     0.028037969     2.108222062
     0.035047461     2.116363423
     0.042056954     2.124902407
     0.049066446     2.133648913
     0.056075938     2.142544170
     0.063085430     2.151466954
     0.070094923     2.160384199
     0.077104415     2.169259542
     0.084113907     2.178065108
     0.091123400     2.186778670
     0.098132892     2.195381773
     0.105142384     2.203858814
     0.112151876     2.212187002
     0.119161369     2.220373567
     0.126170861     2.228402917
     0.133180353     2.236269914
     0.140189845     2.243970417
     0.140189845     2.243970417
     0.154208830     2.215415362
     0.168227814     2.190839944
     0.182246798     2.286927608
     0.196265783     2.295326745
     0.210284767     2.292106522
     0.224303751     2.293375126
     0.238322736     2.276888508
     0.252341720     2.213151006
     0.266360704     2.149512824
     0.280379689     2.143110211
     0.294398673     2.080990769
     0.308417657     2.241255156
     0.322436642     2.274131074
     0.336455626     2.198615148
     0.350474611     2.249998098
     0.364493595     2.300203406
     0.378512579     2.348586547
     0.392531564     2.411554041
     0.406550548     2.493316498
     0.420569532     2.498121918
     0.420569532     2.498121918
     0.432710450     2.481891780
     0.444851368     2.442173379
     0.456992286     2.408987948
     0.469133204     2.376398597
     0.481274122     2.299647224
     0.493415040     2.266966068
     0.505555958     2.235987364
     0.517696876     2.206772056
     0.529837794     2.179460267
     0.541978712     2.154688738
     0.554119630     2.176675866
     0.566260548     2.166143417
     0.578401466     2.148645387
     0.590542384     2.133035727
     0.602683302     2.119620694
     0.614824220     2.124990277
     0.626965139     2.103649707
     0.639106057     2.093501763
     0.651246975     2.089728301
     0.663387893     2.088516067
  
     0.000000000     2.097324707
     0.007009492     2.093306625
     0.014018985     2.095652622
     0.021028477     2.129402332
     0.028037969     2.163799388
     0.035047461     2.198316142
     0.042056954     2.232901620
     0.049066446     2.133665504
     0.056075938     2.302191623
     0.063085430     2.308168737
     0.070094923     2.310690831
     0.077104415     2.313495957
     0.084113907     2.316588975
     0.091123400     2.319974699
     0.098132892     2.323657737
     0.105142384     2.327642216
     0.112151876     2.212196860
     0.119161369     2.220385549
     0.126170861     2.228417062
     0.133180353     2.236286206
     0.140189845     2.243978985
     0.140189845     2.243978985
     0.154208830     2.258893981
     0.168227814     2.273188019
     0.182246798     2.286945013
     0.196265783     2.300188815
     0.210284767     2.313001098
     0.224303751     2.325032604
     0.238322736     2.276907864
     0.252341720     2.213174460
     0.266360704     2.150289914
     0.280379689     2.156413622
     0.294398673     2.173215740
     0.308417657     2.241259894
     0.322436642     2.274135676
     0.336455626     2.250617576
     0.350474611     2.284953049
     0.364493595     2.323337159
     0.378512579     2.365631609
     0.392531564     2.427825919
     0.406550548     2.493337366
     0.420569532     2.498135876
     0.420569532     2.498135876
     0.432710450     2.489495419
     0.444851368     2.442240068
     0.456992286     2.419648612
     0.469133204     2.376467168
     0.481274122     2.344950290
     0.493415040     2.314762929
     0.505555958     2.285985503
     0.517696876     2.258759054
     0.529837794     2.233241174
     0.541978712     2.209711460
     0.554119630     2.191830806
     0.566260548     2.234160265
     0.578401466     2.209161122
     0.590542384     2.183555264
     0.602683302     2.157410189
     0.614824220     2.130761679
     0.626965139     2.117374015
     0.639106057     2.093552977
     0.651246975     2.089776552
     0.663387893     2.097324707
  
     0.000000000     2.101403738
     0.007009492     2.097456426
     0.014018985     2.095859705
     0.021028477     2.129410129
     0.028037969     2.163805924
     0.035047461     2.198323278
     0.042056954     2.232909376
     0.049066446     2.267532687
     0.056075938     2.302200300
     0.063085430     2.308207443
     0.070094923     2.310728181
     0.077104415     2.313531836
     0.084113907     2.316623268
     0.091123400     2.320007305
     0.098132892     2.323688571
     0.105142384     2.327671191
     0.112151876     2.312133612
     0.119161369     2.293799352
     0.126170861     2.276306829
     0.133180353     2.259690940
     0.140189845     2.243997430
     0.140189845     2.243997430
     0.154208830     2.258907375
     0.168227814     2.273203787
     0.182246798     2.303020019
     0.196265783     2.300206999
     0.210284767     2.313019335
     0.224303751     2.325049739
     0.238322736     2.299150363
     0.252341720     2.266498885
     0.266360704     2.205129709
     0.280379689     2.174262444
     0.294398673     2.207909256
     0.308417657     2.391533149
     0.322436642     2.416483881
     0.336455626     2.306379205
     0.350474611     2.337832208
     0.364493595     2.368345670
     0.378512579     2.397967149
     0.392531564     2.427829229
     0.406550548     2.510281708
     0.420569532     2.503341432
     0.420569532     2.503341432
     0.432710450     2.514576306
     0.444851368     2.467216193
     0.456992286     2.453169325
     0.469133204     2.405541802
     0.481274122     2.345018496
     0.493415040     2.314830506
     0.505555958     2.286052524
     0.517696876     2.258826310
     0.529837794     2.233312164
     0.541978712     2.209810888
     0.554119630     2.193735816
     0.566260548     2.242582323
     0.578401466     2.225423063
     0.590542384     2.199128468
     0.602683302     2.172335918
     0.614824220     2.145075672
     0.626965139     2.153246501
     0.639106057     2.156480957
     0.651246975     2.128440219
     0.663387893     2.101403738
  
     0.000000000     2.230735798
     0.007009492     2.235477849
     0.014018985     2.248274730
     0.021028477     2.266450579
     0.028037969     2.287949041
     0.035047461     2.300826624
     0.042056954     2.302258159
     0.049066446     2.267541008
     0.056075938     2.305927996
     0.063085430     2.336871152
     0.070094923     2.371552616
     0.077104415     2.406213492
     0.084113907     2.392881535
     0.091123400     2.371744808
     0.098132892     2.351163561
     0.105142384     2.331270752
     0.112151876     2.331931464
     0.119161369     2.336527623
     0.126170861     2.341431285
     0.133180353     2.346641117
     0.140189845     2.352146984
     0.140189845     2.352146984
     0.154208830     2.331551571
     0.168227814     2.315127460
     0.182246798     2.391082555
     0.196265783     2.405925356
     0.210284767     2.404131642
     0.224303751     2.340604376
     0.238322736     2.323032614
     0.252341720     2.266510108
     0.266360704     2.205141354
     0.280379689     2.174264366
     0.294398673     2.207913734
     0.308417657     2.403503488
     0.322436642     2.416487961
     0.336455626     2.306383396
     0.350474611     2.337835750
     0.364493595     2.368348421
     0.378512579     2.397969357
     0.392531564     2.482279548
     0.406550548     2.510284969
     0.420569532     2.503342237
     0.420569532     2.503342237
     0.432710450     2.519589464
     0.444851368     2.473362078
     0.456992286     2.454969935
     0.469133204     2.435332679
     0.481274122     2.388525505
     0.493415040     2.369541360
     0.505555958     2.349179764
     0.517696876     2.327762129
     0.529837794     2.305465936
     0.541978712     2.282397216
     0.554119630     2.258626922
     0.566260548     2.248009081
     0.578401466     2.282276191
     0.590542384     2.259126656
     0.602683302     2.234946541
     0.614824220     2.209763088
     0.626965139     2.183600175
     0.639106057     2.180678955
     0.651246975     2.207251012
     0.663387893     2.230735798
  
     0.000000000     2.235586593
     0.007009492     2.240239538
     0.014018985     2.252829703
     0.021028477     2.270771119
     0.028037969     2.292051671
     0.035047461     2.300869277
     0.042056954     2.302300024
     0.049066446     2.303956855
     0.056075938     2.305967606
     0.063085430     2.336880800
     0.070094923     2.371563443
     0.077104415     2.406239909
     0.084113907     2.440895805
     0.091123400     2.454121236
     0.098132892     2.437107254
     0.105142384     2.420751889
     0.112151876     2.331958628
     0.119161369     2.336552941
     0.126170861     2.341454819
     0.133180353     2.346662982
     0.140189845     2.352171043
     0.140189845     2.352171043
     0.154208830     2.364066553
     0.168227814     2.377079154
     0.182246798     2.391091751
     0.196265783     2.405932062
     0.210284767     2.404142124
     0.224303751     2.340618747
     0.238322736     2.323043985
     0.252341720     2.309291224
     0.266360704     2.323756996
     0.280379689     2.342401537
     0.294398673     2.365058275
     0.308417657     2.403510172
     0.322436642     2.421606824
     0.336455626     2.429579134
     0.350474611     2.442776638
     0.364493595     2.456050635
     0.378512579     2.469322466
     0.392531564     2.482289289
     0.406550548     2.535721370
     0.420569532     2.503416014
     0.420569532     2.503416014
     0.432710450     2.525172514
     0.444851368     2.520149176
     0.456992286     2.516821711
     0.469133204     2.439847896
     0.481274122     2.414763937
     0.493415040     2.393397551
     0.505555958     2.371304419
     0.517696876     2.348529210
     0.529837794     2.325104559
     0.541978712     2.301057420
     0.554119630     2.276412259
     0.566260548     2.251193605
     0.578401466     2.306855123
     0.590542384     2.339330823
     0.602683302     2.326717361
     0.614824220     2.316295143
     0.626965139     2.305424276
     0.639106057     2.282244942
     0.651246975     2.258222104
     0.663387893     2.235586593
  
     0.000000000     2.297592882
     0.007009492     2.297721707
     0.014018985     2.298108443
     0.021028477     2.298753878
     0.028037969     2.299659328
     0.035047461     2.311556752
     0.042056954     2.336580718
     0.049066446     2.303997781
     0.056075938     2.389183834
     0.063085430     2.415491826
     0.070094923     2.430845756
     0.077104415     2.414145521
     0.084113907     2.440903748
     0.091123400     2.475533458
     0.098132892     2.510137858
     0.105142384     2.544701993
     0.112151876     2.405207538
     0.119161369     2.390539396
     0.126170861     2.376789290
     0.133180353     2.363989950
     0.140189845     2.352178821
     0.140189845     2.352178821
     0.154208830     2.364081867
     0.168227814     2.377091199
     0.182246798     2.530355984
     0.196265783     2.467407389
     0.210284767     2.421250694
     0.224303751     2.392025614
     0.238322736     2.345628945
     0.252341720     2.353229485
     0.266360704     2.365374748
     0.280379689     2.377922177
     0.294398673     2.390645505
     0.308417657     2.543483939
     0.322436642     2.562013571
     0.336455626     2.429580485
     0.350474611     2.442777977
     0.364493595     2.456054598
     0.378512579     2.469329005
     0.392531564     2.522508214
     0.406550548     2.535724731
     0.420569532     2.516535591
     0.420569532     2.516535591
     0.432710450     2.525203856
     0.444851368     2.529384147
     0.456992286     2.543979638
     0.469133204     2.510946420
     0.481274122     2.426563448
     0.493415040     2.412605995
     0.505555958     2.397587002
     0.517696876     2.381359574
     0.529837794     2.363895483
     0.541978712     2.345215776
     0.554119630     2.325358737
     0.566260548     2.304366107
     0.578401466     2.311865990
     0.590542384     2.339380370
     0.602683302     2.326761170
     0.614824220     2.316338937
     0.626965139     2.308139910
     0.639106057     2.302289016
     0.651246975     2.298768203
     0.663387893     2.297592882
  
     0.000000000     2.297637333
     0.007009492     2.297766086
     0.014018985     2.298152608
     0.021028477     2.298797685
     0.028037969     2.299702634
     0.035047461     2.315474855
     0.042056954     2.340362528
     0.049066446     2.362584226
     0.056075938     2.393063050
     0.063085430     2.420395650
     0.070094923     2.447973803
     0.077104415     2.473508460
     0.084113907     2.471038134
     0.091123400     2.475544912
     0.098132892     2.510148936
     0.105142384     2.544713534
     0.112151876     2.579217867
     0.119161369     2.613678104
     0.126170861     2.648075469
     0.133180353     2.682401517
     0.140189845     2.715832110
     0.140189845     2.715832110
     0.154208830     2.655030099
     0.168227814     2.592915237
     0.182246798     2.530364996
     0.196265783     2.467416959
     0.210284767     2.421254061
     0.224303751     2.392037850
     0.238322736     2.345646656
     0.252341720     2.353245545
     0.266360704     2.365388714
     0.280379689     2.377933881
     0.294398673     2.390654770
     0.308417657     2.543485785
     0.322436642     2.562014909
     0.336455626     2.455034520
     0.350474611     2.491540691
     0.364493595     2.530796744
     0.378512579     2.536422918
     0.392531564     2.522519015
     0.406550548     2.538072386
     0.420569532     2.516614286
     0.420569532     2.516614286
     0.432710450     2.547860453
     0.444851368     2.558522032
     0.456992286     2.572111031
     0.469133204     2.558067273
     0.481274122     2.503098324
     0.493415040     2.493541529
     0.505555958     2.482439542
     0.517696876     2.458779315
     0.529837794     2.434074093
     0.541978712     2.411185857
     0.554119630     2.390201121
     0.566260548     2.371200819
     0.578401466     2.354275899
     0.590542384     2.369498024
     0.602683302     2.349079043
     0.614824220     2.327711762
     0.626965139     2.308183952
     0.639106057     2.302333274
     0.651246975     2.298812605
     0.663387893     2.297637333
  
     0.000000000     2.678332323
     0.007009492     2.664796065
     0.014018985     2.640571242
     0.021028477     2.614634900
     0.028037969     2.588515510
     0.035047461     2.562626259
     0.042056954     2.537148266
     0.049066446     2.366313048
     0.056075938     2.488027492
     0.063085430     2.465361170
     0.070094923     2.454807528
     0.077104415     2.477436048
     0.084113907     2.505671085
     0.091123400     2.534867821
     0.098132892     2.564561837
     0.105142384     2.594616319
     0.112151876     2.579229931
     0.119161369     2.613690698
     0.126170861     2.648088583
     0.133180353     2.682415088
     0.140189845     2.715832896
     0.140189845     2.715832896
     0.154208830     2.655038129
     0.168227814     2.592923766
     0.182246798     2.572575533
     0.196265783     2.512753609
     0.210284767     2.452837178
     0.224303751     2.438203139
     0.238322736     2.454754478
     0.252341720     2.471854913
     0.266360704     2.489324320
     0.280379689     2.507104177
     0.294398673     2.525163982
     0.308417657     2.600937138
     0.322436642     2.588897287
     0.336455626     2.575721196
     0.350474611     2.563382539
     0.364493595     2.550139720
     0.378512579     2.536438260
     0.392531564     2.553240965
     0.406550548     2.563440877
     0.420569532     2.516620861
     0.420569532     2.516620861
     0.432710450     2.550771190
     0.444851368     2.560435969
     0.456992286     2.598712483
     0.469133204     2.573511140
     0.481274122     2.542747750
     0.493415040     2.513242129
     0.505555958     2.485205730
     0.517696876     2.458815511
     0.529837794     2.434111403
     0.541978712     2.411224226
     0.554119630     2.390240477
     0.566260548     2.371241126
     0.578401466     2.354318638
     0.590542384     2.371770297
     0.602683302     2.436641589
     0.614824220     2.501554017
     0.626965139     2.566410874
     0.639106057     2.631162687
     0.651246975     2.677789248
     0.663387893     2.678332323
  
     0.000000000     2.723129767
     0.007009492     2.713635893
     0.014018985     2.691808144
     0.021028477     2.668278683
     0.028037969     2.644607424
     0.035047461     2.621223117
     0.042056954     2.598302755
     0.049066446     2.512214921
     0.056075938     2.554242376
     0.063085430     2.533289562
     0.070094923     2.513355473
     0.077104415     2.496682853
     0.084113907     2.509203599
     0.091123400     2.537333191
     0.098132892     2.566721486
     0.105142384     2.596597666
     0.112151876     2.624963402
     0.119161369     2.655558482
     0.126170861     2.686367370
     0.133180353     2.717360636
     0.140189845     2.717074583
     0.140189845     2.717074583
     0.154208830     2.690855163
     0.168227814     2.631968893
     0.182246798     2.572590797
     0.196265783     2.512768815
     0.210284767     2.452853682
     0.224303751     2.438209466
     0.238322736     2.454758836
     0.252341720     2.471858433
     0.266360704     2.489327315
     0.280379689     2.507106784
     0.294398673     2.525166231
     0.308417657     2.600965265
     0.322436642     2.588923548
     0.336455626     2.575741646
     0.350474611     2.563403875
     0.364493595     2.550158357
     0.378512579     2.570240857
     0.392531564     2.553254315
     0.406550548     2.563459368
     0.420569532     2.543833979
     0.420569532     2.543833979
     0.432710450     2.550831431
     0.444851368     2.560471857
     0.456992286     2.598759366
     0.469133204     2.573543463
     0.481274122     2.542780662
     0.493415040     2.513276056
     0.505555958     2.485240783
     0.517696876     2.469914969
     0.529837794     2.456067534
     0.541978712     2.440980821
     0.554119630     2.424725362
     0.566260548     2.407360768
     0.578401466     2.388937439
     0.590542384     2.376326967
     0.602683302     2.440796751
     0.614824220     2.505336851
     0.626965139     2.569855659
     0.639106057     2.634300854
     0.651246975     2.695770609
     0.663387893     2.723129767
  
